48
8193346
2186708
7370042
2222041
3451304
3272940
8413663
9854445
5919828
0303946
7322900
6345331
5410835
4064096
2068111
0613566
6755617
8467726
9165460
8412597
9258028
8084799
7377470
7599432
6657189
0276464
5753537
1592052
2971235
4345267
4920470
3118569
3278880
8483778
9023796
2618760
4017593
9038909
9080490
2153294
3348753
1788532
9567289
6494700
5609816
2163855
8316133
0861372
7064776
0551066
3505011
5513826
6645199
3101645
6345420
9160315
7731514
8934061
8465707
2596745
4312900
5609124
4001376
4162086
8964612
4564096
3352699
1717580
8188195
5673819
1380456
1682626
2372148
4891037
9281482
4322248
5284823
1546608
6378114
0408924
0243724
7884785
7522168
4636474
9787466
0272508
6296597
0777105
5972974
4467306
1052570
9544212
5495698
8116627
0001202
1119950
2177614
1239945
0747789
5276952
4740823
6648893
1845625
6694755
1854868
1970692
9733861
3538289
1944341